n      ascend    descend   random  
0      0.000000 0.000000 0.000000
10     0.000000 0.000000 0.000002
20     0.000001 0.000001 0.000004
30     0.000002 0.000002 0.000006
40     0.000003 0.000003 0.000009
50     0.000005 0.000004 0.000012
60     0.000006 0.000005 0.000015
70     0.000009 0.000007 0.000018
80     0.000011 0.000009 0.000022
90     0.000014 0.000011 0.000025
100    0.000017 0.000013 0.000030
200    0.000063 0.000048 0.000083
300    0.000137 0.000105 0.000161
400    0.000248 0.000189 0.000256
500    0.000372 0.000287 0.000374
600    0.000527 0.000405 0.000521
700    0.000705 0.000542 0.000682
800    0.000935 0.000720 0.000863
900    0.001174 0.000921 0.001103
1000   0.001442 0.001106 0.001344
1100   0.001772 0.001356 0.001565
1200   0.002066 0.001618 0.001827
1300   0.002430 0.001855 0.002114
1400   0.002863 0.002141 0.002424
1500   0.003205 0.002466 0.002799
1600   0.003644 0.002778 0.003125
1700   0.004136 0.003165 0.003528
1800   0.004622 0.003537 0.003910
1900   0.005224 0.003953 0.004328
2000   0.005699 0.004438 0.004794
