n      ascend    descend   random  
0      0.000000 0.000000 0.000000
10     0.000000 0.000000 0.000001
20     0.000000 0.000000 0.000001
30     0.000001 0.000000 0.000002
40     0.000002 0.000000 0.000003
50     0.000002 0.000000 0.000004
60     0.000003 0.000000 0.000005
70     0.000004 0.000000 0.000006
80     0.000005 0.000000 0.000008
90     0.000007 0.000000 0.000009
100    0.000008 0.000000 0.000010
200    0.000032 0.000001 0.000028
300    0.000069 0.000001 0.000051
400    0.000116 0.000002 0.000088
500    0.000190 0.000002 0.000121
600    0.000262 0.000002 0.000168
700    0.000363 0.000003 0.000223
800    0.000461 0.000003 0.000276
900    0.000597 0.000003 0.000370
1000   0.000712 0.000004 0.000420
1100   0.000914 0.000004 0.000505
1200   0.001050 0.000005 0.000602
1300   0.001232 0.000005 0.000722
1400   0.001414 0.000005 0.000790
1500   0.001622 0.000006 0.000912
1600   0.001878 0.000006 0.001057
1700   0.002132 0.000007 0.001175
1800   0.002453 0.000007 0.001267
1900   0.002619 0.000007 0.001408
2000   0.003036 0.000008 0.001572
